.Random.seed <-
c(403L, 131L, -251518918L, -1577274521L, 762132072L, 1543173031L, 
561440258L, 829897845L, -708702019L, -781961206L, -1304868417L, 
-1747482514L, -673370888L, 1598880812L, 161364574L, -402345204L, 
577088880L, -1613175927L, 992651762L, 1802842648L, -103389351L, 
-1247998019L, 672417492L, 1591279598L, 1264219114L, -1336051374L, 
-793381910L, 969031178L, -179641008L, 2072787590L, 1208048250L, 
-1130814826L, 1326288281L, -512696873L, 1372409001L, -132524471L, 
541830875L, 263850194L, 2060873636L, -2053997947L, 2006725694L, 
-1138175295L, -866251863L, 1337833189L, -1943732984L, 2042527661L, 
123291363L, -330779745L, -864001457L, -1073286953L, 1782899794L, 
-725807803L, 673394042L, 1275988689L, 793777533L, 165149516L, 
-486856667L, -806804992L, 1316397867L, 1509586870L, 2022249589L, 
1318414446L, 1821155908L, 247938359L, 1216142774L, 2094173774L, 
-1174467155L, -472720380L, -2033159466L, 1358478545L, 1956096299L, 
293313951L, 1476799485L, 1161603563L, -123520721L, 441208763L, 
-599079316L, -1630226855L, -1303446621L, 1702026096L, -1929135309L, 
-1728953957L, -290520199L, 1636621895L, -2138363332L, 1781081349L, 
2129266229L, -64212044L, 1748909643L, 628552733L, -2082273846L, 
1258749313L, -336446625L, -1257745682L, -1221154468L, 1651671378L, 
-820789994L, 1607053047L, -115325732L, -1848469092L, -1729324087L, 
390628686L, -1346977643L, 1434842870L, 332391163L, 1013250798L, 
1266138140L, 1209488261L, -1978824061L, -90996115L, -1345554271L, 
-1873953320L, 1002810846L, -935383197L, 1683207823L, 2052562972L, 
-945078173L, -588275251L, -833263983L, 271929413L, 56901290L, 
1820327653L, 1721603108L, -1890329304L, -397902879L, -476006443L, 
2040069951L, 1017344694L, 1493765399L, -120285535L, 1322280380L, 
832253226L, 655971194L, -1984736868L, 1988157931L, -1794029029L, 
1789139305L, -1729095478L, -783890453L, 428261960L, 855590719L, 
-1517134015L, -1123564230L, 1022253840L, -1260367577L, -1777008101L, 
941426549L, 107180274L, 1569868397L, -305164623L, 1546889722L, 
939034760L, -1560110461L, -934780219L, 2107877183L, -176046599L, 
-346026437L, -963870744L, 1445107648L, 939418128L, -360966118L, 
1799221954L, 111381022L, 1366328144L, -1843515750L, 2045493387L, 
-748041757L, 2112078823L, -2056390725L, -1761500876L, -808038225L, 
2014486567L, -639387048L, 1377787743L, 86008434L, -101836945L, 
-1439378065L, -776088486L, -1088690621L, 1696684894L, 2039407316L, 
-1826704340L, 2079968984L, 281824021L, -877789873L, 1397730931L, 
-2057185986L, -1474501389L, -333561712L, -975088341L, 287883082L, 
798420912L, -621792894L, 58393999L, 714062357L, 777242874L, 2125496396L, 
1489422638L, 726152057L, -1610318732L, 1101533505L, -377836479L, 
-1631777379L, -1103760332L, 893317366L, -1206097372L, 444089169L, 
-960049885L, -1074035127L, -945780470L, 954845029L, -248236447L, 
1765036264L, -1160383827L, 1147400907L, -26166047L, -127384813L, 
700117887L, -936186971L, 1469637031L, 308877980L, 1961066720L, 
-911160702L, 1002856540L, 637432L, -1956765624L, -33553093L, 
154056485L, 640134724L, -140244977L, 1528752578L, 438021209L, 
1702910009L, -1740759872L, -258031477L, 122614933L, 2013971908L, 
-1229375669L, 704039361L, 1856755254L, -1718816818L, 1613111420L, 
1331999007L, -1294791195L, -1603880057L, -92096920L, 686307393L, 
646484044L, -408032360L, -882239737L, 359656693L, 614803807L, 
-326098650L, -1793676265L, -125791161L, -152562902L, 854175142L, 
581950004L, -1394388055L, -1723234041L, 917757361L, -65750825L, 
1461197338L, 1316639590L, 731859905L, -841039003L, 972384149L, 
-2128401435L, 357806186L, 734494064L, -226734008L, 1686868810L, 
1767383480L, 886878231L, -1923524847L, 1053447614L, 1914992619L, 
-84748383L, 1755867864L, -1082605144L, 679382260L, -1840372940L, 
770189182L, -2108654764L, 221484554L, 99107075L, -947202353L, 
778429170L, -1677623281L, 414404165L, -710735618L, -413984132L, 
-862137954L, 752696932L, 1265191596L, 42165798L, 103578906L, 
839287493L, -1177841764L, -1328113178L, 214590584L, 1104491579L, 
1595005509L, -763799032L, -692277735L, -1547851950L, -764819942L, 
-1789682318L, -1076087860L, -96099346L, 1516874402L, 979029974L, 
939964732L, -659674771L, 1058882796L, -92924913L, -1975876734L, 
253389688L, 676696564L, -317600619L, 262644366L, 590529041L, 
-2022563447L, 883858402L, -156768783L, 1457295855L, 1323319440L, 
1046146026L, -285169660L, -127824761L, -609899962L, 9196893L, 
40821362L, 335337997L, 1621739589L, 1842049694L, 98068762L, 1595479305L, 
2146412924L, -121815603L, -1035338776L, 571479171L, 1282003454L, 
-918431912L, -1540625174L, -1582776999L, -1497652833L, -1480949945L, 
-1750516918L, -79558900L, 1815196227L, -1604928493L, -1840525411L, 
580954023L, 212782644L, -502310302L, 1261567521L, 152351141L, 
670682840L, -1056216792L, -1428522753L, -175860308L, -526180800L, 
1765931574L, 130610039L, -977890212L, 2050953293L, -1714823784L, 
1324847899L, 2004181663L, -748450636L, -780981325L, 953362422L, 
-1264554191L, 1648792625L, 1793996565L, 345857432L, -1909392160L, 
2006007099L, 418254136L, -85187516L, -406928811L, -326815896L, 
1500085956L, 1892200131L, -692035191L, 2022953859L, 1288848164L, 
-2028645848L, 908727736L, 1967535709L, -615610406L, -813471550L, 
-442367770L, -868073567L, 1137192349L, -1294956948L, 1966127105L, 
-1331392882L, 92737995L, -138104218L, 555886670L, 1396463249L, 
-235009030L, -1998019212L, 785186213L, -1786503672L, -2089851600L, 
-1338605844L, -548483379L, -1395033657L, 1446797914L, -1982218419L, 
-1044036199L, -947433965L, 991168246L, -2047356261L, -603589060L, 
-1928274975L, -50051078L, 1866122790L, -698070145L, -1068090064L, 
-413059008L, 435402387L, -184079583L, 1922654081L, 615228051L, 
1518531289L, -577963124L, -769874704L, -871743212L, -1777297759L, 
2129629160L, -1954831277L, -330371777L, -1003669019L, 1272370057L, 
358167554L, -381033700L, 1535512375L, 13768460L, -457148271L, 
1740182067L, -590000947L, 1837341230L, -1276306117L, 881127971L, 
-1338849879L, 1141684164L, 1322506452L, -1299314012L, 836237473L, 
-1265514520L, -954939522L, 908506688L, -1784371228L, 1855056163L, 
-1407194018L, 1261611395L, -505612773L, -491891336L, 471090298L, 
-190163929L, -503762886L, 156230091L, 737073636L, -1993550579L, 
-1169437747L, 471853724L, -1245194175L, 603260178L, 803507209L, 
-880458114L, 1241152342L, -958649881L, 1786398344L, -389154971L, 
-843943301L, 275972557L, -623340526L, 730570391L, -1183530410L, 
-229525883L, -771379531L, -900090915L, -725815633L, 1553280657L, 
372525327L, -735473635L, -680245923L, -901906845L, -1218008348L, 
-448745160L, 1602825119L, 901362883L, 9819532L, -1369904692L, 
-1379253024L, 544845242L, 1247519906L, 35858760L, -1002457345L, 
1278015340L, -533855034L, 290623166L, 2023356628L, -1420292378L, 
-554230806L, 450882743L, 711214215L, 1109751196L, -522581534L, 
-1036780812L, -464278336L, 1584275880L, -1150890759L, -1100170473L, 
-889495451L, -298386958L, 1764950365L, -1253629182L, 1244546588L, 
542766382L, 1198020412L, 1681784544L, -1225036147L, -329770470L, 
-522009842L, 1229473416L, 1939415962L, -320763000L, 255504716L, 
919361383L, 730624974L, 886329408L, 1784952599L, 1928738748L, 
-1920403034L, 631533784L, -24860690L, -1813062394L, -310250003L, 
-365706171L, 730472035L, -996338090L, 1196348770L, -1012317142L, 
1382346390L, 1327934860L, 22629252L, -231172130L, -1282225726L, 
994296644L, 2005693037L, -407813997L, 340683791L, -1726859710L, 
-279624961L, -1863961267L, 1814952985L, -1384109624L, -1279316826L, 
1906202894L, -437786407L, 1181169259L, 1421745164L, 125086913L, 
357943576L, -873786132L, 2077112970L, 1046632172L, -984135770L, 
-1000855878L, 386338546L, -1879228461L, -429476894L, -1962765460L, 
-2069392544L, 584165616L, 805527480L, 392069669L, -597140589L, 
1433196604L, 1980733738L, -553594465L, -64250262L, 1854623953L, 
1329195321L, -1107001400L, -1519099255L, 1836334469L, -69295004L, 
1592668550L, 2023931387L, -2047814592L, -1851463089L, -1015783019L, 
1177800574L, -120701015L, 230895545L, -1366454695L, -1510646441L, 
1917389245L, 942775915L, 8619984L, -151657213L, 1948916128L, 
